-77.0411243 -12.0933044 -77.0419775 -12.0934296
-77.0419775 -12.0934276 -77.0422019 -12.0918114
-77.0422029 -12.0918114 -77.0413714 -12.0917229
-77.0411259 -12.093305 -77.0413727 -12.0917226
-77.0413717 -12.0917229 -77.0411249 -12.0933044
-77.041369 -12.0917225 -77.0405965 -12.0916228
-77.0405965 -12.0916228 -77.0403355 -12.0931941
-77.0403352 -12.0931918 -77.0405965 -12.0916228
-77.0403352 -12.0931937 -77.0411237 -12.0933061
-77.0405965 -12.0916228 -77.0397474 -12.0915293
-77.0397474 -12.0915293 -77.0395214 -12.0930747
-77.0395214 -12.0930747 -77.0403365 -12.0931909
-77.0397474 -12.0915293 -77.0388702 -12.0913817
-77.0388702 -12.0913817 -77.0386405 -12.0929427
-77.0386405 -12.0929427 -77.0395214 -12.0930747
-77.0390922 -12.0898573 -77.0400054 -12.0899845
-77.0400054 -12.0899845 -77.0408061 -12.0900986
-77.0408061 -12.0900986 -77.0416275 -12.0902217
-77.0416286 -12.0902156 -77.0424353 -12.0903277
-77.0424353 -12.0903277 -77.0422019 -12.0918114
-77.0422019 -12.0918114 -77.0424406 -12.0903409
-77.0413714 -12.0917229 -77.0416275 -12.0902217
-77.0416275 -12.0902217 -77.0413714 -12.0917229
-77.0405965 -12.0916228 -77.0408061 -12.0900986
-77.0400054 -12.0899845 -77.0397474 -12.0915293
-77.0388702 -12.0913817 -77.0390922 -12.0898573
-77.0390922 -12.0898573 -77.0388702 -12.0913817
-77.0377327 -12.0928028 -77.0386405 -12.0929427
-77.037954 -12.0912541 -77.03773 -12.092808 
-77.0388627 -12.09138 -77.037954 -12.0912541
-77.038204 -12.0897222 -77.037954 -12.0912541
-77.038204 -12.0897222 -77.0390922 -12.0898573